% Matlab M-file converted by [Custom WaveView] saved 07:26:03 Sun Nov  1 2020
TIME = [ 0.00000000000000E+00  1.00000000000000E-12  2.00000000000000E-12  5.20000000000000E-12  1.54400000000000E-11  4.82080000000000E-11  1.00000000000000E-10  1.00150000000000E-10  1.00557694002899E-10  1.01000000000000E-10  1.01109549172966E-10  1.01151572220740E-10  1.01286045973616E-10  1.01673391750114E-10  1.02485054885085E-10  1.03506478945037E-10  1.05395416302011E-10  1.06790961090713E-10  1.11256704414562E-10  1.13286172710867E-10  1.15146416038446E-10  1.17006659366026E-10  1.18756668612372E-10  1.21803924835627E-10  1.24022701977610E-10  1.27845345632605E-10  1.31943740850466E-10  1.38057547078039E-10  1.45428578412512E-10  1.57277839196347E-10  1.71794422273971E-10  1.90495263907297E-10  2.15635551563231E-10  2.47917803922935E-10  2.90263738175452E-10  3.45691170205659E-10  4.17907651020233E-10  5.12381897037161E-10  6.12381897037161E-10  7.12381897037161E-10  8.12381897037161E-10  9.12381897037161E-10  1.01238189703716E-09  1.10000000000000E-09  1.10050000000000E-09  1.10100000000000E-09  1.10105000000000E-09  1.10109195235393E-09  1.10122619988649E-09  1.10143676835349E-09  1.10192587922343E-09  1.10305604907670E-09  1.10434956731396E-09  1.10609579556982E-09  1.10795143042446E-09  1.11014510815274E-09  1.11233878588102E-09  1.11384535125295E-09  1.11535191662488E-09  1.11722805069905E-09  1.11910418477322E-09  1.12082425239037E-09  1.12379356306548E-09  1.12567582165721E-09  1.13073610053302E-09  1.13463840785154E-09  1.14052662228845E-09  1.14647078111764E-09  1.15599106823453E-09  1.16818370286022E-09  1.18510227639003E-09  1.20746325688241E-09  1.23738219967550E-09  1.27762970484118E-09  1.33136602696925E-09  1.40339875381167E-09  1.49989098039769E-09  1.59989098039769E-09  1.69989098039769E-09  1.79989098039769E-09  1.89989098039769E-09  2.00000000000000E-09 ];
transference = [ 1.19998764991760E+00  1.19998764991760E+00  1.19998764991760E+00  1.19998764991760E+00  1.19998764991760E+00  1.19998764991760E+00  1.19998764991760E+00  1.26338136196136E+00  1.41547608375549E+00  1.53729188442230E+00  1.51773488521576E+00  1.51020181179047E+00  1.48655784130096E+00  1.42022371292114E+00  1.28399479389191E+00  1.12910056114197E+00  8.70127320289612E-01  7.04887807369232E-01  2.93321520090103E-01  1.87382981181145E-01  1.20708458125591E-01  8.31405073404312E-02  5.28490692377090E-02  2.15171575546265E-02  1.08184320852160E-02  2.94684455730021E-03  6.92184665240347E-04  7.68575191614218E-05  1.98922280105762E-05  3.09883289446589E-05  1.23481913760770E-05  3.27711350109894E-05  1.20677777886158E-05  3.21516308758873E-05  1.23848722068942E-05  3.17293051921297E-05  1.26152544908109E-05  3.15027500619181E-05  1.27843049995136E-05  3.13090058625676E-05  1.29445361380931E-05  3.11784242512658E-05  1.30552471091505E-05  3.10808500216808E-05 -1.27387762069702E-01 -2.45260551571846E-01 -2.37382113933563E-01 -2.30799496173859E-01 -2.10056036710739E-01 -1.78335994482040E-01 -1.08178511261940E-01  5.12310676276684E-02  2.06478908658028E-01  3.91224503517151E-01  5.51724612712860E-01  7.05748677253723E-01  8.21076691150665E-01  8.82490158081055E-01  9.28015410900116E-01  9.85902190208435E-01  1.03711295127869E+00  1.08636009693146E+00  1.14110004901886E+00  1.16132032871246E+00  1.18911421298981E+00  1.19576787948608E+00  1.19908797740936E+00  1.19974422454834E+00  1.19993829727173E+00  1.20001745223999E+00  1.19995689392090E+00  1.20001745223999E+00  1.19995689392090E+00  1.20001816749573E+00  1.19995677471161E+00  1.20001852512360E+00  1.19995665550232E+00  1.20001876354218E+00  1.19995653629303E+00  1.20001888275146E+00  1.19995641708374E+00  1.20001888275146E+00 ];
input = [ 0.00000000000000E+00  0.00000000000000E+00  0.00000000000000E+00  0.00000000000000E+00  0.00000000000000E+00  0.00000000000000E+00  0.00000000000000E+00  1.80000007152557E-01  6.69232785701752E-01  1.20000004768372E+00  1.20000004768372E+00  1.20000004768372E+00  1.20000004768372E+00  1.20000004768372E+00  1.20000004768372E+00  1.20000004768372E+00  1.20000004768372E+00  1.20000004768372E+00  1.20000004768372E+00  1.20000004768372E+00  1.20000004768372E+00  1.20000004768372E+00  1.20000004768372E+00  1.20000004768372E+00  1.20000004768372E+00  1.20000004768372E+00  1.20000004768372E+00  1.20000004768372E+00  1.20000004768372E+00  1.20000004768372E+00  1.20000004768372E+00  1.20000004768372E+00  1.20000004768372E+00  1.20000004768372E+00  1.20000004768372E+00  1.20000004768372E+00  1.20000004768372E+00  1.20000004768372E+00  1.20000004768372E+00  1.20000004768372E+00  1.20000004768372E+00  1.20000004768372E+00  1.20000004768372E+00  1.20000004768372E+00  6.00000023841858E-01  0.00000000000000E+00  0.00000000000000E+00  0.00000000000000E+00  0.00000000000000E+00  0.00000000000000E+00  0.00000000000000E+00  0.00000000000000E+00  0.00000000000000E+00  0.00000000000000E+00  0.00000000000000E+00  0.00000000000000E+00  0.00000000000000E+00  0.00000000000000E+00  0.00000000000000E+00  0.00000000000000E+00  0.00000000000000E+00  0.00000000000000E+00  0.00000000000000E+00  0.00000000000000E+00  0.00000000000000E+00  0.00000000000000E+00  0.00000000000000E+00  0.00000000000000E+00  0.00000000000000E+00  0.00000000000000E+00  0.00000000000000E+00  0.00000000000000E+00  0.00000000000000E+00  0.00000000000000E+00  0.00000000000000E+00  0.00000000000000E+00  0.00000000000000E+00  0.00000000000000E+00  0.00000000000000E+00  0.00000000000000E+00  0.00000000000000E+00  0.00000000000000E+00 ];
