% Matlab M-file converted by [Custom WaveView] saved 07:32:37 Sun Nov  1 2020
TIME = [ 0.00000000000000E+00  1.00000000000000E-12  2.00000000000000E-12  5.20000000000000E-12  1.54400000000000E-11  4.82080000000000E-11  1.00000000000000E-10  1.00150000000000E-10  1.00557694002899E-10  1.01000000000000E-10  1.01089381409059E-10  1.01130629435675E-10  1.01262623120846E-10  1.01592273739726E-10  1.02304821536092E-10  1.03380084906127E-10  1.05352059699906E-10  1.06899933092163E-10  1.10091414429084E-10  1.13332319081904E-10  1.14792138213543E-10  1.16251957345183E-10  1.19520053892008E-10  1.21875339972467E-10  1.24126957578768E-10  1.28313114479676E-10  1.30671682531748E-10  1.35445829939613E-10  1.40165548730469E-10  1.46219283788226E-10  1.53045006221509E-10  1.63316847002737E-10  1.77282513481305E-10  2.04373179907240E-10  2.50916652006137E-10  3.29312765270902E-10  4.29312765270902E-10  5.29312765270902E-10  6.29312765270902E-10  7.29312765270902E-10  8.29312765270902E-10  9.29312765270902E-10  1.02931276527090E-09  1.10000000000000E-09  1.10050000000000E-09  1.10100000000000E-09  1.10119091323731E-09  1.10123793368350E-09  1.10138839911129E-09  1.10186988848022E-09  1.10286210180046E-09  1.10433625917825E-09  1.10629937406209E-09  1.10843778758867E-09  1.11177100882611E-09  1.11390730931922E-09  1.11604360981233E-09  1.11793025990992E-09  1.11981691000751E-09  1.12320987506533E-09  1.12449437796222E-09  1.12577888085912E-09  1.12798483547866E-09  1.13081401648382E-09  1.13323571093161E-09  1.14023559173618E-09  1.14489195644346E-09  1.15141171982760E-09  1.15756807552029E-09  1.16697650668941E-09  1.17789224446307E-09  1.19377888228036E-09  1.22092764358812E-09  1.27141963558970E-09  1.36961298041233E-09  1.46961298041233E-09  1.56961298041233E-09  1.66961298041233E-09  1.76961298041233E-09  1.86961298041233E-09  1.96961298041233E-09  2.00000000000000E-09 ];
transference = [ 1.19998216629028E+00  1.19998216629028E+00  1.19998216629028E+00  1.19998216629028E+00  1.19998216629028E+00  1.19998216629028E+00  1.19998216629028E+00  1.24317657947540E+00  1.35128986835480E+00  1.43427085876465E+00  1.42277288436890E+00  1.41731464862823E+00  1.40020883083344E+00  1.35988831520081E+00  1.27896702289581E+00  1.17199170589447E+00  9.90121364593506E-01  8.66714358329773E-01  6.43650949001312E-01  4.49589163064957E-01  3.81646245718002E-01  3.25795888900757E-01  2.31136754155159E-01  1.68106973171234E-01  1.13944202661514E-01  4.83061671257019E-02  2.89246141910553E-02  9.30134672671556E-03  3.02371918223798E-03  6.19497441221029E-04  1.33734036353417E-04  1.64635675901081E-05  2.91406686301343E-05  1.65365672728512E-05  2.89321706077317E-05  1.64799512276659E-05  2.90701354970224E-05  1.62710002769018E-05  2.92755503323860E-05  1.60964282258647E-05  2.94237961497856E-05  1.59703613462625E-05  2.95310692308703E-05  1.58537732204422E-05 -8.51829275488853E-02 -1.60377338528633E-01 -1.42129227519035E-01 -1.37548357248306E-01 -1.23060487210751E-01 -7.88730308413506E-02  1.18909589946270E-02  1.26170188188553E-01  2.61406481266022E-01  3.93120259046555E-01  5.56064724922180E-01  6.45634889602661E-01  7.23594844341278E-01  7.75772273540497E-01  8.14595282077789E-01  8.84726405143738E-01  9.17742490768433E-01  9.54309880733490E-01  1.01710224151611E+00  1.07788646221161E+00  1.11490416526794E+00  1.17354798316956E+00  1.18754553794861E+00  1.19592106342316E+00  1.19855523109436E+00  1.19962131977081E+00  1.19992327690125E+00  1.19998860359192E+00  1.19997596740723E+00  1.19998764991760E+00  1.19997704029083E+00  1.19998717308044E+00  1.19997787475586E+00  1.19998657703400E+00  1.19997835159302E+00  1.19998621940613E+00  1.19997847080231E+00  1.19998621940613E+00 ];
input = [ 0.00000000000000E+00  0.00000000000000E+00  0.00000000000000E+00  0.00000000000000E+00  0.00000000000000E+00  0.00000000000000E+00  0.00000000000000E+00  1.80000007152557E-01  6.69232785701752E-01  1.20000004768372E+00  1.20000004768372E+00  1.20000004768372E+00  1.20000004768372E+00  1.20000004768372E+00  1.20000004768372E+00  1.20000004768372E+00  1.20000004768372E+00  1.20000004768372E+00  1.20000004768372E+00  1.20000004768372E+00  1.20000004768372E+00  1.20000004768372E+00  1.20000004768372E+00  1.20000004768372E+00  1.20000004768372E+00  1.20000004768372E+00  1.20000004768372E+00  1.20000004768372E+00  1.20000004768372E+00  1.20000004768372E+00  1.20000004768372E+00  1.20000004768372E+00  1.20000004768372E+00  1.20000004768372E+00  1.20000004768372E+00  1.20000004768372E+00  1.20000004768372E+00  1.20000004768372E+00  1.20000004768372E+00  1.20000004768372E+00  1.20000004768372E+00  1.20000004768372E+00  1.20000004768372E+00  1.20000004768372E+00  6.00000023841858E-01  0.00000000000000E+00  0.00000000000000E+00  0.00000000000000E+00  0.00000000000000E+00  0.00000000000000E+00  0.00000000000000E+00  0.00000000000000E+00  0.00000000000000E+00  0.00000000000000E+00  0.00000000000000E+00  0.00000000000000E+00  0.00000000000000E+00  0.00000000000000E+00  0.00000000000000E+00  0.00000000000000E+00  0.00000000000000E+00  0.00000000000000E+00  0.00000000000000E+00  0.00000000000000E+00  0.00000000000000E+00  0.00000000000000E+00  0.00000000000000E+00  0.00000000000000E+00  0.00000000000000E+00  0.00000000000000E+00  0.00000000000000E+00  0.00000000000000E+00  0.00000000000000E+00  0.00000000000000E+00  0.00000000000000E+00  0.00000000000000E+00  0.00000000000000E+00  0.00000000000000E+00  0.00000000000000E+00  0.00000000000000E+00  0.00000000000000E+00  0.00000000000000E+00 ];
