% Matlab M-file converted by [Custom WaveView] saved 07:33:36 Sun Nov  1 2020
TIME = [ 0.00000000000000E+00  1.00000000000000E-12  2.00000000000000E-12  5.20000000000000E-12  1.54400000000000E-11  4.82080000000000E-11  1.00000000000000E-10  1.00150000000000E-10  1.00557694002899E-10  1.01000000000000E-10  1.01088613730800E-10  1.01129831968624E-10  1.01261730329659E-10  1.01586565148203E-10  1.02281421256649E-10  1.03564181133487E-10  1.05709899830650E-10  1.07598762658839E-10  1.11230119971034E-10  1.15625235828254E-10  1.19662475094412E-10  1.23294950098925E-10  1.27445862871822E-10  1.30658047067006E-10  1.33416647393492E-10  1.37612277110471E-10  1.40379025450008E-10  1.45275066554830E-10  1.50958297012153E-10  1.57694998811618E-10  1.64407317726107E-10  1.72442223279744E-10  1.82208261581484E-10  1.95034711990098E-10  2.13052176234085E-10  2.42282171472604E-10  2.98378240929560E-10  3.91969389420649E-10  4.91969389420649E-10  5.91969389420649E-10  6.91969389420649E-10  7.91969389420649E-10  8.91969389420649E-10  9.91969389420649E-10  1.10000000000000E-09  1.10050000000000E-09  1.10100000000000E-09  1.10105000000000E-09  1.10109195235393E-09  1.10122619988649E-09  1.10143396091033E-09  1.10191298346163E-09  1.10301156227952E-09  1.10484377769185E-09  1.10715269464766E-09  1.10971471948832E-09  1.11358081330248E-09  1.11899493110929E-09  1.12205507838024E-09  1.12511522565120E-09  1.12941075550093E-09  1.13590710108844E-09  1.13911874131495E-09  1.14241791253518E-09  1.14675006845124E-09  1.14994458368590E-09  1.15806076698427E-09  1.16516482848424E-09  1.17376034289593E-09  1.18157483153345E-09  1.19150175313319E-09  1.20285531233441E-09  1.21801285977960E-09  1.23628528918096E-09  1.26910656176190E-09  1.31785336755092E-09  1.39166359009687E-09  1.49166359009687E-09  1.59166359009687E-09  1.69166359009687E-09  1.79166359009687E-09  1.89166359009687E-09  2.00000000000000E-09 ];
transference = [ 1.19997084140778E+00  1.19997084140778E+00  1.19997084140778E+00  1.19997084140778E+00  1.19997084140778E+00  1.19997084140778E+00  1.19997084140778E+00  1.22619056701660E+00  1.29341828823090E+00  1.34022879600525E+00  1.33317041397095E+00  1.32979297637939E+00  1.31941509246826E+00  1.29565453529358E+00  1.24908554553986E+00  1.17546355724335E+00  1.06066644191742E+00  9.65852260589600E-01  8.12101006507874E-01  6.46197080612183E-01  5.18950223922729E-01  4.40816760063171E-01  3.77074569463730E-01  3.14788490533829E-01  2.49623224139214E-01  1.61378607153893E-01  1.16620987653732E-01  6.27742558717728E-02  2.91699022054672E-02  1.12508414313197E-02  4.27720136940479E-03  1.35767518077046E-03  3.34215292241424E-04  5.09847086505033E-05  2.21319696720457E-05  2.60373981291195E-05  2.24227660510223E-05  2.56715611612890E-05  2.22764156205812E-05  2.55314116657246E-05  2.26912034122506E-05  2.52278186962940E-05  2.29126289923443E-05  2.50646462518489E-05  2.30306177400053E-05 -5.07056377828121E-02 -9.38814505934715E-02 -9.12946313619614E-02 -8.89257937669754E-02 -8.13175216317177E-02 -6.99422061443329E-02 -4.49780412018299E-02  1.24058974906802E-02  9.08847227692604E-02  1.79028227925301E-01  2.73441195487976E-01  4.00489747524261E-01  5.44088423252106E-01  6.10743582248688E-01  6.66919887065887E-01  7.21017062664032E-01  8.03363859653473E-01  8.62963974475861E-01  9.29966151714325E-01  1.00470197200775E+00  1.05079555511475E+00  1.12946403026581E+00  1.16444599628448E+00  1.18496513366699E+00  1.19314682483673E+00  1.19756090641022E+00  1.19911444187164E+00  1.19979977607727E+00  1.19994115829468E+00  1.19998407363892E+00  1.19995844364166E+00  1.19998264312744E+00  1.19995892047882E+00  1.19998276233673E+00  1.19995880126953E+00  1.19998300075531E+00  1.19995856285095E+00  1.19998323917389E+00 ];
input = [ 0.00000000000000E+00  0.00000000000000E+00  0.00000000000000E+00  0.00000000000000E+00  0.00000000000000E+00  0.00000000000000E+00  0.00000000000000E+00  1.80000007152557E-01  6.69232785701752E-01  1.20000004768372E+00  1.20000004768372E+00  1.20000004768372E+00  1.20000004768372E+00  1.20000004768372E+00  1.20000004768372E+00  1.20000004768372E+00  1.20000004768372E+00  1.20000004768372E+00  1.20000004768372E+00  1.20000004768372E+00  1.20000004768372E+00  1.20000004768372E+00  1.20000004768372E+00  1.20000004768372E+00  1.20000004768372E+00  1.20000004768372E+00  1.20000004768372E+00  1.20000004768372E+00  1.20000004768372E+00  1.20000004768372E+00  1.20000004768372E+00  1.20000004768372E+00  1.20000004768372E+00  1.20000004768372E+00  1.20000004768372E+00  1.20000004768372E+00  1.20000004768372E+00  1.20000004768372E+00  1.20000004768372E+00  1.20000004768372E+00  1.20000004768372E+00  1.20000004768372E+00  1.20000004768372E+00  1.20000004768372E+00  1.20000004768372E+00  6.00000023841858E-01  0.00000000000000E+00  0.00000000000000E+00  0.00000000000000E+00  0.00000000000000E+00  0.00000000000000E+00  0.00000000000000E+00  0.00000000000000E+00  0.00000000000000E+00  0.00000000000000E+00  0.00000000000000E+00  0.00000000000000E+00  0.00000000000000E+00  0.00000000000000E+00  0.00000000000000E+00  0.00000000000000E+00  0.00000000000000E+00  0.00000000000000E+00  0.00000000000000E+00  0.00000000000000E+00  0.00000000000000E+00  0.00000000000000E+00  0.00000000000000E+00  0.00000000000000E+00  0.00000000000000E+00  0.00000000000000E+00  0.00000000000000E+00  0.00000000000000E+00  0.00000000000000E+00  0.00000000000000E+00  0.00000000000000E+00  0.00000000000000E+00  0.00000000000000E+00  0.00000000000000E+00  0.00000000000000E+00  0.00000000000000E+00  0.00000000000000E+00  0.00000000000000E+00 ];
